4
11 13 22 26

4
11 9 22 18

4
12 14 24 28

4
15 13 26 30

5
3 5 7 13 8

5
28 7 4 29 27

5
2 17 23 29 27

5
3 11 22 26 28

6
1 2 3 4 5 6

10
1 2 3 4 5 6 7 8 9 10

10
30 30 30 30 30 30 30 30 30 30

10
29 29 29 29 29 29 29 29 29 29

7
30 30 29 22 22 20 17

7
30 30 30 28 23 19 13

7
30 29 28 26 21 19 17

7
30 28 26 25 23 19 18

5
14 16 19 28 29

6
15 14 13 5 26 21

6
7 11 13 28 22 26

6
7 11 13 14 22 26

6
9 20 28 27 30 14

30
30 30 29 28 13 7 3 30 30 30 30 30 30 30 30 30 30 30 30 30 30 30 30 30 30 30 30 30 30 29

20
30 30 29 28 13 7 3 30 30 30 30 30 30 30 30 30 30 30 30 29

15
30 30 29 28 13 7 3 30 30 30 30 30 30 30 29

12
30 30 29 28 13 7 3 30 30 30 30 29

10
30 30 29 28 13 7 3 30 30 29

9
29 28 13 7 3 30 30 30 29

8
29 28 13 7 3 30 30 29

7
29 28 13 7 3 30 29
